517064121
517064122
517064123
517064127
517064128
517064130
517064131
517064132
517064133
517064134
517064135
517064136
517064137
517064138
517064139
517064140
517064141
517064142
517064144
517064145
517064146
517064147
517064148
517064149
517064150
517064151
517064152
517064153
517064154
517064155
517064156
517064161
517064162
517064163
517064165
517064167
517064168
517064169
517064170
517064171
517064172
517064173
517064174
517064175
517064177
517064178
517064179
517064180
517064181
517064182
517064183
517064184
517064185
517064186
517064187
517064188
517064190
517064191
517064192
517064193
517064194
517064196
517064197
517064198
517064199
517064200
517064201
517064202
517064203
517064204
517064205
517064206
517064207
517064208
517064209
517064210
517064211
517064212
517064213
517064214
517064215
517064216
517064217
517064218
517064220
517064221
517064222
517064223
517064224
517064225
517064226
